// Color
// Section 1
rgba(242, 242, 242, 1)
rgba(154, 174, 181, 1)
rgba(199, 209, 213, 0.3)
rgba(35, 49, 55, 1)
rgba(154, 174, 181, 1)
rgba(81, 82, 85, 1)
rgba(255, 255, 255, 1)
rgba(215, 229, 235, 1)
rgba(242, 242, 242, 1)
rgba(255, 255, 255, 1)
rgba(215, 229, 235, 1)
rgba(0, 0, 0, 0.05)
rgba(154, 174, 181, 0.6)
rgba(205, 219, 225, 1) - rgba(134, 154, 161, 1)
// Section 2
rgba(255, 255, 255, 1)
rgba(242, 242, 242, 0.1)
rgba(255, 255, 255, 0.5)
rgba(255, 255, 255, 1)
// Section 3
rgba(154, 174, 181, 1)
rgba(199, 209, 213, 0.3)
rgba(35, 49, 55, 1)
rgba(154, 174, 181, 1)
rgba(81, 82, 85, 1)
rgba(255, 255, 255, 1)
rgba(35, 49, 55, 1)
rgba(117, 128, 132, 1)
rgba(242, 242, 242, 1)
rgba(249, 251, 251, 1)
rgba(154, 174, 181, 1)
rgba(255, 255, 255, 0.2)
rgba(255, 255, 255, 1)
// Section 4
//Part - 1
rgba(255, 255, 255, 0.1)
rgba(255, 255, 255, 1)
rgba(255, 255, 255, 1)
rgba(255, 255, 255, 1)
rgba(255, 255, 255, 1)
rgba(255, 255, 255, 1)
//Part - 2
rgba(255, 255, 255, 1)
rgba(255, 255, 255, 0.1)
rgba(255, 255, 255, 1)
rgba(255, 255, 255, 1)
rgba(255, 255, 255, 0.5)
rgba(255, 255, 255, 1)